4.28421	34
4.36842	33
4.66667	34
4.74035	34
4.86491	33
5.15965	34
5.23158	34
5.34912	33
5.63158	34
5.68421	34
5.80702	33
6.08596	35
6.13684	34
6.2614	33
6.54026	34
6.61216	34
6.70335	34
6.97167	34
7.06637	35
7.17159	34
7.45218	34
7.52408	35
7.62053	34
7.9134	34
7.99582	34
8.06772	33
8.35532	40
8.36409	41
8.5342	33
8.54472	33
8.87792	33
8.94982	33
9.04277	33
9.33563	39
9.35492	42
9.47067	45
9.48294	45
9.81439	35
9.85648	40
9.98099	48
10.0038	51
10.2493	35
10.3317	42
10.4352	44
10.4562	44
10.7473	33
10.9438	33
11.2454	34
11.3401	42
11.4137	33
11.7364	33
11.903	33
12.1415	40
12.2257	44
12.2345	44
12.3502	45
12.6291	34
12.7325	43
12.8166	33
13.0655	35
13.1883	35
13.3636	33
13.6142	34
13.7264	37
13.7685	42
13.8947	33
14.0314	34
14.1454	35
14.1471	35
14.2506	43
14.3557	33
14.5521	35
14.6537	41
14.7063	38
14.8922	34
14.9658	35
15.078	36
15.0885	36
15.1814	35
15.2953	34
15.5127	33
15.6372	33
15.6792	33
15.9843	33
16.0894	33
16.1403	33
16.4225	34
16.5259	34
16.5978	34
16.8976	33
16.98	34
17.0325	34
17.3323	33
17.4059	34
17.4988	34
17.7916	33
17.9055	34
17.9581	34
18.1878	33
18.2614	33
19.3936	37
19.4042	37
20.8147	33
21.0215	35
21.0215	35
21.2703	36
21.2721	36
21.2826	36
21.5192	34
21.5297	34
21.5314	34
21.5314	34
21.7978	33
21.7995	33
21.8188	33
21.8205	33
22.0554	35
22.0869	35
22.0886	35
22.4198	38
22.4286	38
22.4303	38
22.4303	38
22.4391	38
22.4409	38
23.1838	36
23.2049	35
23.9916	36
24.0214	36
25.4845	34
25.7525	37
26.0029	38
26.0029	38
26.2412	36
26.2412	36
26.2604	36
26.2604	36
26.5109	34
26.5127	34
26.5127	34
26.5214	33
26.7001	34
26.7106	34
26.7526	34
27.0031	36
27.0119	36
27.0119	36
27.0224	36
27.0241	36
27.0241	36
27.6985	35
27.709	35
28.2485	34
28.2993	34
28.3396	35
28.4219	35
28.5252	36
28.6303	37
28.7249	46
28.7652	44
28.816	33
28.8773	33
28.9316	33
29.1873	33
29.3029	33
29.5324	34
29.6462	34
29.7093	34
30.0298	34
30.1227	34
30.1962	34
30.4958	34
30.5466	34
30.6709	33
30.9617	34
31.0247	34
31.1193	33
31.4346	34
31.4749	34
31.5712	33
31.8899	33
32.023	38
32.0965	35
32.3854	35
32.4344	35
32.5815	45
32.6025	47
32.9544	33
33.0175	39
33.1208	33
33.4132	35
33.5392	46
33.6338	33
33.9209	35
33.9437	35
33.9542	35
34.0767	49
34.1083	46
34.3971	33
34.3989	33
34.5565	38
34.567	40
34.9049	33
34.9574	38
35.0397	33
35.3706	35
35.4529	41
35.5177	39
35.8101	35
35.9029	41
35.9134	42
35.9134	42
35.9537	37
36.2618	36
36.2811	38
36.4177	42
36.4404	42
36.7293	34
36.8939	45
36.8957	46
36.8957	46
36.9062	47
37.1845	34
37.2563	42
37.3491	45
37.6853	33
37.8324	33
37.9076	33
38.1964	34
38.2874	34
38.3592	33
38.6847	34
38.7547	34
38.8387	33
39.1345	35
39.271	34
39.3235	34
39.6246	34
39.6858	38
39.7891	33
40.0429	33
40.0726	36
40.2406	42
40.2599	43
40.5802	34
40.6729	45
40.7447	33
41.0352	37
41.086	43
41.1875	47
41.2295	44
41.534	38
41.534	38
41.5533	40
41.6985	35
41.9576	39
42.0188	46
42.1011	50
42.2078	33
42.4774	33
42.5999	40
42.6611	33
42.9534	34
43.1162	44
43.1284	45
43.468	35
43.5922	46
43.6027	46
43.6132	46
43.6657	37
43.944	35
44.0368	36
44.2555	35
44.4969	33
44.5704	37
44.5809	38
44.5897	39
44.7261	33
44.9553	35
45.027	36
45.0883	44
45.1092	46
45.3874	34
45.5116	35
45.5431	35
45.5641	34
45.5939	34
45.7093	33
45.7601	33
45.844	34
45.9053	34
45.9263	34
45.998	35
46.1012	35
46.1729	34
46.2377	34
46.3391	33
46.4056	33
46.4651	35
46.5298	43
46.9654	33
47.0162	33
47.1107	33
47.1806	33
47.2646	33
47.3363	33
47.4413	40
47.4431	41
47.4623	43
47.4711	42
47.5533	33
47.6058	34
47.688	34
47.751	33
47.8122	33
47.9172	38
47.9259	39
47.9364	40
47.9871	33
48.0816	34
48.1429	34
48.2058	33
48.2898	33
48.4368	39
48.4473	40
48.4788	34
48.5732	33
48.6362	34
48.7289	33
48.8024	33
48.8864	34
48.9389	41
48.9389	41
48.9686	43
49.0403	33
49.1331	34
49.2135	34
49.2958	33
49.3885	36
49.4112	38
49.4427	42
49.4602	41
49.4602	41
49.5424	33
49.6159	33
49.7104	34
49.7821	35
49.8661	36
49.9273	36
50.0218	37
50.0725	37
50.174	38
50.2982	38
50.3192	39
50.3524	43
50.3629	44
50.4014	43
50.4644	33
50.5274	33
50.5903	33
50.6725	33
50.7337	33
50.8491	33
50.9313	33
51.045	33
51.1289	33
51.1604	33
51.2006	33
51.2216	35
51.2619	39
51.3336	33
51.386	33
51.4997	33
51.5522	33
51.6239	33
51.6956	33
51.769	34
51.811	34
51.8949	34
51.9369	33
52.0313	33
52.0628	33
52.1957	43
52.5962	33
52.6696	33
52.7641	33
52.8183	33
52.9005	33
52.9547	33
53.0788	40
53.0806	40
53.0911	41
53.0998	42
53.1628	33
53.2257	33
53.3184	34
53.3709	34
53.4636	35
53.5265	36
53.6	43
53.607	44
53.621	46
53.6787	37
53.7504	33
53.8448	34
53.9165	35
53.9987	36
54.0739	45
54.0914	47
54.0931	47
54.1736	33
54.2348	33
54.3275	34
54.4202	35
54.4919	36
54.5845	47
54.5863	47
54.5985	49
54.6685	37
54.7297	33
54.8031	34
54.8661	34
54.9605	35
55.0235	36
55.0445	36
55.0655	36
55.1389	37
55.2438	38
55.305	38
55.389	39
55.4817	40
55.5464	40
55.6198	41
55.681	41
55.7527	42
55.8244	41
55.9276	44
56.8072	51
56.8177	51
57.0659	53
57.1289	54
57.1306	54
57.1394	54
57.1394	54
57.4593	42
57.461	42
57.461	42
57.4802	43
57.5134	36
57.6043	33
57.718	34
57.8001	35
57.9138	34
57.9959	33
58.1393	33
58.2424	33
58.335	34
58.3962	35
58.4801	35
58.564	36
58.6567	36
58.7406	35
58.8245	35
58.8874	34
58.9818	33
59.0552	33
59.1479	33
59.2003	33
59.293	33
59.3874	34
59.4258	38
59.4276	38
59.4591	42
59.4591	42
59.4695	42
59.5115	41
59.5202	41
60.008	41
60.0097	41
60.0184	41
60.0412	41
60.0412	41
60.0499	41
60.5166	40
60.5464	40
60.5568	40
60.5656	40
60.5656	40
60.5673	40
60.8663	43
60.8767	44
61.1005	47
61.1512	46
61.1617	46
61.1634	46
61.1634	46
61.3575	45
61.8382	57
61.8504	59
62.1931	59
62.214	59
62.2333	59
62.235	59
62.4413	61
62.4413	61
62.4413	61
62.7524	70
62.8031	76
63.0094	65
63.102	65
63.1125	65
63.1125	65
63.1125	65
63.3921	53
63.4113	55
63.4113	55
63.4218	56
63.6437	55
63.7398	55
63.8534	54
63.9478	53
64.0491	52
64.1225	51
64.1837	51
64.3567	49
64.4405	49
64.5506	48
64.6135	47
64.7044	47
64.776	46
64.8564	45
64.9525	44
65.0346	44
65.1273	43
65.1884	42
65.3037	42
65.3631	46
65.3649	46
65.3649	46
65.3736	47
65.3841	48
65.4383	50
65.8472	51
65.8559	51
65.8559	51
65.8577	51
65.8664	51
65.8874	51
66.3749	48
66.3766	48
66.3766	48
66.3871	48
66.3871	48
66.3889	47
66.81	60
66.8205	62
67.121	47
67.1298	47
67.1385	47
67.1507	47
67.3255	49
67.3272	49
67.3359	49
67.6977	65
67.7274	65
68.0366	45
68.0454	45
68.0471	45
68.0471	45
68.2848	47
68.2865	47
68.2865	47
68.6308	65
68.6517	65
68.9191	47
68.9296	47
68.9383	47
68.94	47
77.1455	36
78.9404	36
79.4101	36
79.5009	33
79.8623	37
79.9129	39
80.1818	33
80.3686	33
80.6672	33
80.7999	40
80.8418	41
81.1333	33
81.2992	33
81.5664	33
81.6484	42
81.8544	33
82.0412	33
82.2698	33
82.5281	33
82.7166	37
82.7358	39
83.0168	33
83.1652	33
83.4863	33
83.6085	39
83.68	33
83.9366	34
84.0273	41
84.1216	33
84.338	33
84.5125	41
84.5719	33
84.7569	33
84.9332	43
84.9838	34
85.2107	33
85.3904	41
85.4515	33
85.6627	33
85.8163	40
85.8791	34
86.0536	33
86.2508	38
86.3241	33
86.572	33
86.7046	37
86.7744	33
87.045	33
87.2003	38
87.2823	33
87.5738	35
87.586	35
87.7204	44
87.7727	36
88.1305	33
88.223	41
88.3364	33
88.6138	35
88.6347	36
88.7377	36
88.872	33
89.1319	35
89.1947	43
89.2471	49
89.6763	33
89.7478	39
89.8647	33
90.1107	34
90.2432	44
90.3357	33
90.6236	33
90.737	41
90.8591	33
91.1068	33
91.3336	33
91.6215	35
91.6529	35
91.7785	44
91.7977	46
92.1187	33
92.253	41
92.3263	33
92.6037	34
92.6054	34
92.7502	40
92.8026	39
93.1009	33
93.2439	36
93.2963	42
93.4498	33
93.7289	39
93.8022	33
94.2384	42
94.2401	42
94.8244	40
94.8279	40
95.1522	33
95.3075	33
95.6179	34
95.7748	43
95.7853	44
95.7853	44
95.8585	33
96.1829	33
96.2369	39
96.359	33
96.6398	35
96.7305	41
96.7497	43
96.7688	43
96.8421	33
97.1507	33
97.2885	37
97.3373	33
97.6879	35
97.7908	42
97.8117	45
97.8431	45
97.8832	38
98.1953	33
98.2895	41
98.4011	33
98.5877	34
98.6801	43
98.6801	43
98.6993	45
99.3411	33
99.3411	33
100.365	35
100.407	36
100.893	33
101.076	33
101.088	33
101.324	34
101.334	34
101.336	34
101.379	35
101.388	35
101.542	36
101.55	36
101.55	36
101.55	36
101.726	35
101.726	35
101.746	34
101.746	34
101.972	33
101.972	33
101.981	33
102.002	33
102.178	33
102.27	33
102.582	34
102.654	35
102.762	36
103.001	38
103.26	40
103.28	40
104.817	34
105.065	36
105.066	36
105.309	37
105.31	37
105.319	37
105.535	35
105.547	35
105.567	35
105.753	33
105.753	33
105.753	33
105.762	34
105.947	35
105.969	35
105.978	35
105.98	35
105.988	35
106.194	33
106.29	33
106.569	33
106.661	33
106.745	33
107.036	34
107.162	35
107.285	36
107.346	36
107.355	37
107.5	48
107.508	48
107.613	33
107.655	33
107.902	33
107.994	33
108.148	33
108.373	33
108.517	33
108.641	33
108.901	33
108.984	33
109.089	33
109.315	34
109.317	34
109.336	34
109.46	43
109.46	43
109.592	33
109.747	33
109.925	33
110.028	33
110.183	33
110.399	33
110.542	33
110.636	33
110.885	33
110.999	33
111.093	33
111.323	35
111.469	43
111.49	45
111.49	45
111.664	33
111.868	33
112.009	33
112.122	33
112.347	33
112.532	33
112.656	33
112.894	33
113.018	33
113.142	33
113.382	33
113.569	33
113.673	33
113.931	33
114.147	41
114.147	41
114.166	43
114.311	33
114.619	33
114.814	33
114.981	35
115.391	37
115.556	36
115.95	33
135.579	44
135.587	45
135.85	34
135.888	35
135.939	35
136.001	35
136.064	36
136.196	37
136.227	39
136.267	44
136.309	49
136.722	43
136.722	43
137.148	48
137.15	48
137.407	34
137.438	35
137.489	35
137.531	35
137.623	36
137.724	37
137.765	37
137.797	40
137.878	49
138.073	51
138.2	50
138.336	51
138.336	51
138.665	54
138.675	54
138.899	52
138.972	51
139.023	51
139.066	50
139.115	50
139.207	51
139.259	52
139.291	52
139.353	59
139.496	62
139.609	61
139.642	61
139.774	58
139.866	41
139.866	41
139.896	42
139.906	42
140.03	42
140.153	41
140.289	40
140.465	41
140.477	41
140.64	43
140.67	43
141.092	41
141.117	41
141.644	42
141.656	42
141.931	40
141.931	40
141.983	41
142.056	41
142.136	42
142.266	43
142.308	43
142.348	47
142.381	50
142.743	35
142.751	35
143.097	33
143.117	33
143.367	35
143.388	35
143.43	35
143.492	36
143.544	36
143.668	37
143.699	38
143.73	38
143.812	46
143.958	49
144.092	48
144.134	47
144.153	47
144.494	44
144.513	44
144.687	44
144.687	44
144.708	44
144.802	45
144.894	45
144.995	46
145.017	46
145.057	47
145.141	56
145.276	56
145.372	55
145.379	55
145.546	53
145.629	53
145.671	53
145.721	54
145.805	55
145.938	54
146.091	53
146.196	52
146.225	52
146.41	50
146.42	50
146.902	49
146.915	49
147.491	46
147.493	46
147.894	48
147.905	48
148.059	48
148.07	48
148.183	47
148.183	47
148.337	45
148.348	45
148.482	45
148.492	45
148.615	46
148.624	46
148.767	47
148.767	47
148.892	46
148.902	46
149.055	45
149.055	45
149.167	45
149.175	45
149.34	46
149.351	46
149.643	62
149.678	64
149.681	65
149.683	65
149.692	65
149.984	47
150.024	47
150.208	49
150.302	50
150.475	51
150.743	49
150.854	48
150.948	47
151.04	47
151.174	47
151.339	49
151.452	50
151.586	51
151.69	52
151.937	60
151.94	61
151.947	62
151.947	62
152.314	39
152.323	39
152.611	39
152.62	39
152.721	38
152.721	38
152.894	38
152.915	38
153.205	41
153.207	41
153.209	41
153.555	38
153.565	38
153.675	39
153.676	39
153.8	39
153.81	39
153.894	39
153.925	38
154.048	37
154.069	38
154.359	40
154.359	40
154.368	40
154.368	40
154.382	40
154.384	40
154.656	41
154.667	40
154.676	40
154.677	40
154.691	40
154.971	39
154.971	39
154.983	39
154.985	39
154.987	39
155.002	39
155.272	41
155.275	40
155.282	40
155.291	40
155.291	40
155.581	39
155.581	39
155.581	39
155.581	39
155.603	39
155.605	39
155.847	41
155.876	41
155.883	41
155.901	41
155.909	41
156.163	43
156.267	44
156.382	51
156.705	49
156.715	49
157.011	48
157.011	48
157.122	49
157.277	50
157.463	50
157.596	49
157.718	53
157.73	55
157.737	55
157.932	66
157.932	66
157.933	67
158.18	65
158.209	65
158.22	65
158.222	65
158.463	66
158.47	67
158.47	67
158.48	68
158.482	69
158.76	65
158.764	65
158.77	65
158.77	65
158.788	65
159.094	35
159.102	35
159.408	34
159.408	34
159.479	34
159.509	35
159.642	35
159.644	35
159.799	34
159.809	34
159.974	33
160.075	34
160.077	34
160.21	35
160.221	35
160.302	35
160.313	35
160.427	34
160.438	34
160.584	34
160.594	34
160.728	35
160.738	35
160.978	48
160.992	50
161.016	52
161.016	52
161.027	54
161.317	34
161.325	34
161.577	36
161.64	37
161.791	38
162.071	36
162.154	35
162.277	34
162.371	33
162.507	34
162.651	35
162.776	36
162.908	38
163.227	40
163.229	40
163.231	40
163.24	39
163.58	37
163.59	36
163.917	36
163.917	36
163.988	37
164.09	38
164.182	39
164.182	39
164.5	52
164.504	53
164.518	54
164.519	54
164.53	52
164.851	37
164.86	37
164.971	38
164.981	37
165.127	36
165.127	36
165.2	36
165.229	35
165.321	36
165.344	36
165.622	38
165.623	38
165.634	38
165.634	38
165.636	38
165.637	38
165.941	38
165.943	38
165.952	38
165.952	38
165.952	38
165.953	38
166.257	37
166.257	37
166.259	37
166.259	37
166.28	37
166.292	38
166.535	39
166.547	38
166.566	38
166.577	38
166.589	38
166.589	38
166.837	36
166.848	36
166.849	36
166.858	36
166.858	36
166.867	36
167.15	36
167.15	36
167.151	36
167.16	36
167.16	36
167.16	36
167.459	38
167.938	50
167.947	50
168.202	50
168.214	50
168.375	51
168.469	52
168.48	52
168.603	61
168.737	65
168.756	66
168.766	66
168.933	55
168.933	55
169.16	55
169.191	55
169.193	55
169.283	55
169.408	55
169.41	55
169.563	55
169.667	55
169.671	55
169.688	55
169.778	55
169.903	55
169.912	55
170.046	55
170.075	55
170.158	55
170.17	55
170.179	55
170.282	55
170.426	55
170.446	55
170.497	55
170.613	55
170.622	55
170.634	55
170.91	55
171.186	55
171.193	55
171.198	55
171.306	55
171.408	55
171.418	55
171.682	55
171.691	55
171.691	55
171.814	55
171.936	55
171.946	55
172.067	55
172.172	55
172.18	55
172.182	55
172.316	55
172.428	55
172.43	55
172.637	55
172.645	55
172.819	54
173.445	43
173.572	46
173.803	44
173.895	43
174.03	42
174.131	42
174.242	43
174.386	45
174.478	45
174.581	46
174.886	69
174.888	69
174.896	65
174.896	65
175.257	43
175.268	43
175.391	45
175.516	44
175.66	43
175.773	42
176.139	42
176.411	43
176.722	40
177.039	37
177.379	35
177.697	36
178.02	33
178.327	33
178.727	34
179.022	34
179.321	33
179.628	36
179.687	43
179.709	46
179.716	47
180.023	37
180.091	45
180.091	45
180.101	46
180.372	34
180.74	37
180.74	37
180.741	37
180.75	37
181.08	38
181.08	38
181.08	38
181.082	38
181.387	37
181.416	37
181.418	37
181.439	37
181.723	40
181.723	40
181.734	39
181.736	39
182.015	37
182.159	38
182.28	39
182.407	38
182.539	37
182.754	37
183.173	41
183.255	41
183.305	45
183.347	50
183.347	50
183.359	51
183.369	50
183.994	36
183.994	36
183.994	36
183.994	36
184.016	36
184.318	35
184.412	36
184.512	37
184.614	36
184.769	35
184.984	35
185.318	38
185.402	44
185.431	47
185.482	53
185.482	53
185.547	48
186.097	41
186.099	41
186.118	41
186.42	43
186.472	46
186.564	57
186.584	60
186.588	60
186.593	60
186.597	60
187.497	53
187.509	53
187.55	53
187.767	66
188.962	37
188.972	37
188.983	37
189.133	35
189.269	35
189.39	36
189.522	37
189.542	37
189.542	37
189.622	38
189.776	37
189.867	36
190.064	36
190.075	36
190.075	36
190.175	37
190.279	38
190.298	38
190.498	51
190.515	51
190.659	52
190.756	58
190.766	60
190.775	61
190.785	62
190.796	63
190.858	55
190.86	55
191.087	34
191.097	34
191.127	34
191.26	34
191.435	33
191.534	33
191.649	34
191.688	35
191.688	35
191.749	35
191.862	36
191.943	37
192.181	39
192.181	39
192.212	39
192.25	39
192.354	40
192.429	41
192.455	41
192.621	53
192.647	54
192.734	61
192.801	69
192.829	72
192.829	72
192.841	73
193.176	34
193.299	35
193.564	34
193.646	33
193.779	34
193.862	34
194.037	36
194.152	37
194.244	37
194.365	39
194.667	62
194.667	62
194.667	62
194.668	62
195.471	37
195.477	37
195.483	37
195.488	37
195.571	37
195.581	36
195.63	36
195.632	36
195.907	35
195.918	35
195.921	35
195.923	35
195.931	35
195.938	35
196.209	36
196.212	36
196.216	36
196.228	36
196.45	34
196.455	34
196.462	34
196.467	34
196.469	34
196.723	36
196.737	36
196.742	36
196.753	36
196.76	36
196.777	36
196.98	34
196.99	34
197.001	34
197.014	34
197.014	34
197.027	34
197.538	35
197.704	36
197.95	35
198.042	34
198.188	33
198.259	33
198.423	34
198.515	35
198.607	36
198.719	37
199.028	55
199.038	56
199.038	56
199.05	57
199.612	36
199.622	36
199.634	37
199.636	37
199.704	37
199.705	37
199.794	36
199.804	36
200.049	34
200.055	34
200.055	34
200.059	34
200.061	34
200.068	33
200.301	35
200.334	35
200.334	35
200.343	35
200.568	33
200.582	33
200.591	33
200.591	33
200.827	34
200.827	34
200.828	34
200.828	34
200.828	34
200.835	34
201.076	34
201.078	34
201.078	34
201.078	34
201.083	34
201.315	36
201.324	36
201.327	36
201.336	36
201.338	36
201.346	36
201.592	34
201.594	34
201.606	34
201.609	34
201.615	34
201.616	34
201.81	34
201.835	34
201.84	34
201.847	34
201.852	34
201.854	34
202.087	33
202.087	33
202.093	33
202.1	33
202.1	33
202.107	33
202.567	36
202.711	36
202.844	35
202.976	43
202.978	43
203.22	43
203.362	44
203.496	45
203.639	53
203.652	54
203.785	59
203.949	58
204.095	56
204.228	55
204.239	55
204.393	54
204.516	54
204.535	54
204.616	55
204.71	55
204.731	55
204.845	54
204.968	53
205.11	53
205.245	53
205.245	53
205.427	52
205.541	52
205.676	53
205.687	53
205.841	52
206.066	52
206.189	53
206.199	53
206.333	54
206.454	55
206.464	55
206.613	56
206.735	55
206.735	55
207.041	53
207.164	54
207.308	54
207.308	54
207.587	52
207.732	53
207.89	54
207.91	53
208.212	51
208.518	52
208.546	52
208.892	50
208.902	50
208.911	50
209.212	52
209.212	52
209.214	52
209.225	52
209.467	51
209.469	51
209.469	51
209.488	52
209.732	54
209.794	54
209.803	54
209.825	54
210.082	57
210.082	57
210.094	57
210.398	56
210.407	56
210.428	56
210.45	55
211.086	54
211.096	54
211.107	54
211.107	54
211.108	54
211.117	53
211.754	55
211.754	55
211.756	55
211.764	55
211.764	55
211.773	55
212.116	52
212.812	47
213.117	50
213.117	50
213.118	50
213.139	50
213.716	49
214.084	52
214.086	52
214.397	50
214.397	50
214.408	50
214.418	50
214.687	48
214.697	48
214.697	48
215.038	49
215.315	52
215.323	52
215.623	53
215.625	53
215.652	53
215.652	53
215.692	52
215.926	50
215.926	50
215.926	50
216.173	60
216.483	63
216.492	63
216.658	64
216.708	64
216.737	64
216.746	64
216.962	62
216.971	62
216.98	62
217.042	62
217.154	63
217.264	71
217.284	73
217.418	73
217.521	72
217.675	71
217.778	70
217.842	70
217.892	69
217.964	69
218.068	65
218.12	65
218.222	65
218.357	65
218.366	65
218.378	65
218.643	65
218.645	65
218.655	65
218.657	65
218.677	65
218.915	65
218.923	65
218.923	65
218.923	65
218.925	65
219.179	65
219.179	65
219.188	65
219.19	65
219.19	65
219.422	65
219.43	65
219.439	65
219.441	65
219.453	65
219.686	65
219.688	65
219.688	65
219.709	65
219.972	74
219.972	74
219.974	75
219.982	76
220.557	72
220.565	72
220.565	72
220.565	72
220.565	72
220.565	72
221.006	65
221.121	75
221.141	77
221.143	77
221.143	77
221.377	56
221.52	57
221.735	55
221.776	55
221.828	55
221.982	53
222.065	53
222.176	52
222.238	51
222.363	50
222.444	51
222.693	57
222.721	60
222.721	60
222.731	61
222.74	61
222.742	61
222.935	69
222.987	75
223.01	78
223.018	79
223.02	79
223.029	80
223.029	80
223.408	55
223.46	55
223.489	55
223.499	55
223.51	55
223.522	55
223.541	55
224.335	55
224.335	55
224.406	55
224.676	65
226.238	36
226.246	36
226.48	34
226.511	34
226.582	34
226.653	35
226.715	35
226.855	37
226.876	37
226.928	37
226.971	37
227.272	34
227.312	34
227.713	36
227.73	36
227.945	34
227.964	34
228.015	35
228.057	35
228.149	36
228.284	37
228.323	37
228.396	38
228.437	38
228.59	37
228.711	36
228.752	36
228.756	36
229.179	37
229.188	37
229.351	36
229.394	36
229.425	36
229.518	35
229.558	35
229.667	35
229.719	36
229.76	36
229.823	37
230.087	35
230.096	35
230.098	35
230.208	34
230.321	33
230.35	33
230.392	33
230.456	33
230.608	33
230.72	33
230.874	34
230.957	34
231.12	36
231.256	37
231.391	38
231.557	38
231.557	38
231.753	37
231.886	36
232.007	37
232.169	38
232.169	38
232.354	36
232.508	37
232.651	37
232.651	37
232.795	36
232.918	37
232.926	37
233.059	38
233.193	38
233.193	38
233.397	37
233.531	36
233.673	38
233.808	38
233.818	38
233.95	37
234.093	38
234.216	39
234.235	39
234.548	48
234.56	49
234.66	49
234.681	49
234.814	48
234.814	48
234.926	47
234.947	47
235.049	47
235.059	47
235.193	47
235.193	47
235.293	52
235.303	53
235.386	54
235.397	54
235.531	54
235.531	54
235.614	54
235.633	55
235.704	55
235.715	55
236.066	80
236.066	80
236.067	80
236.577	55
236.658	55
236.769	55
237.034	53
237.123	52
237.279	51
237.352	50
237.518	49
237.642	48
237.734	47
237.817	51
238.138	80
238.147	80
238.148	80
238.159	80
238.515	80
238.525	80
238.525	80
238.534	80
238.536	80
238.537	80
